" Sample landmark .dta file.
1 3L 204 0 DIM=3
Test1
Test2
Test3
 8.18014240264893 2.47259521484375 6.27053737640381
 8.08703327178955 1.93107998371124 10.2808895111084
 7.63506174087524 2.81811213493347 16.109354019165
 7.10068035125732 2.84850978851318 16.2339515686035
 8.22404956817627 2.8127293586731 16.1786804199219
 5.49873352050781 3.57712864875793 17.4544773101807
 10.0078296661377 3.5710186958313 17.5379104614258
 5.16229915618896 3.78565359115601 16.8167095184326
 10.331262588501 3.77375721931458 16.9331855773926
 2.41299676895142 6.57221794128418 15.4065713882446
 13.2006816864014 6.40841436386108 15.5125074386597
 4.58188247680664 3.09863018989563 11.8110809326172
 11.5739889144897 3.21170425415039 11.3071708679199
 8.01555442810059 8.00984954833984 20.6221599578857
 7.22785568237305 8.03003025054932 20.6340255737305
 8.87187194824219 8.23835372924805 18.9469718933105
 6.59868288040161 8.27784824371338 18.7561550140381
 10.6207971572876 5.67467737197876 18.9094829559326
 4.66346311569214 5.77256107330322 18.74196434021
 11.5087327957153 6.95910263061523 17.0709838867188
 3.77120137214661 7.09875059127808 16.8042736053467
 9.6052131652832 8.18095684051514 16.9095439910889
 5.96532487869263 8.26716423034668 16.8124122619629
 8.37414264678955 8.20381546020508 15.5112085342407
 7.28674125671387 8.24011516571045 15.465030670166
 8.73888397216797 8.70731830596924 14.2934951782227
 7.00835847854614 8.73325538635254 14.2510137557983
 8.80223846435547 9.14869785308838 13.2999677658081
 7.02889442443848 9.1455717086792 13.3600902557373
 9.76320838928223 9.21863269805908 13.0911064147949
 6.17730808258057 9.32362174987793 12.9811210632324
 9.79282474517822 9.14151000976562 12.5178813934326
 6.04277896881104 9.2119083404541 12.4651718139648
 8.3209171295166 9.03631496429443 10.8270244598389
 7.51492261886597 9.07125949859619 10.8381633758545
 9.96001815795898 9.21685791015625 11.2652187347412
 5.94669485092163 9.27843189239502 11.1561145782471
 13.1029367446899 7.15528202056885 11.4531059265137
 2.62439131736755 7.46027994155884 11.122145652771
 9.36775875091553 10.21169090271 9.5999870300293
 6.67152214050293 10.2782287597656 9.4803524017334
 11.8311767578125 9.39772510528564 9.25527191162109
 4.21340084075928 9.53827381134033 9.1175479888916
 8.77360057830811 9.68109035491943 8.56241130828857
 7.23773097991943 9.71024417877197 8.49251747131348
 9.99610328674316 9.55649852752686 5.7985463142395
 5.98609828948975 9.57973194122314 5.53058576583862
 8.76594352722168 10.280873298645 5.07765579223633
 7.45140647888184 10.2757892608643 5.08726167678833
 8.94576454162598 5.77393770217896 22.0966911315918
 6.23055791854858 5.98492240905762 22.1216354370117
 10.3322267532349 3.97546148300171 16.7405948638916
 14.0466814041138 7.45571374893188 11.9824018478394
 14.0377044677734 7.80451250076294 11.1122140884399
 12.9634799957275 8.15360641479492 7.19875860214233
 12.6660528182983 7.18215417861938 5.68671989440918
 8.55377101898193 6.46203470230103 22.8332653045654
 6.56537628173828 6.4969654083252 22.7467937469482
 5.12491083145142 4.04448461532593 16.5561294555664
 1.67975437641144 7.76299142837524 11.5618696212769
 1.78299283981323 8.07139301300049 10.7786779403687
 3.13799929618835 8.27133464813232 6.91462707519531
 3.40030336380005 7.37694931030273 5.41095066070557
 8.15036106109619 9.96849060058594 5.17849063873291
 8.15036106109619 9.13641548156738 8.45132064819336
 8.00075435638428 8.19339656829834 11.5577354431152
 7.82128858566284 6.91754722595215 13.6101884841919
 7.82128858566284 3.47830200195312 16.16188621521

 7.93417072296143 3.28325462341309 5.5222487449646
 8.0096435546875 2.46969151496887 10.1011390686035
 7.70946741104126 2.75905299186707 15.9691886901855
 7.09089756011963 2.79132556915283 16.0576648712158
 8.38228321075439 2.75749707221985 16.0399589538574
 5.50750970840454 3.49910044670105 17.4286098480225
 9.76314926147461 3.38077068328857 17.6385593414307
 5.305495262146 3.56458687782288 16.8399047851562
 10.2210893630981 3.60237789154053 16.9824657440186
 2.44790625572205 6.28072261810303 15.8956823348999
 13.2098550796509 6.3892617225647 15.7375116348267
 4.82869482040405 3.13445615768433 12.1665687561035
 10.8811845779419 3.06603455543518 12.4028654098511
 7.9892430305481 7.93452215194702 21.2234573364258
 7.18563938140869 7.93069696426392 21.0889530181885
 8.80494499206543 8.17063045501709 19.4779376983643
 6.54022979736328 8.20778942108154 19.3158931732178
 10.5902147293091 5.81398487091064 19.137939453125
 4.47372770309448 5.71050310134888 18.802001953125
 11.5480766296387 7.09880638122559 17.1711864471436
 3.75264859199524 7.14427375793457 16.9356746673584
 9.44897079467773 8.24024295806885 17.2571849822998
 5.98902368545532 8.23738193511963 17.2248401641846
 8.21357917785645 8.32606410980225 15.8814153671265
 7.33770990371704 8.35798168182373 15.7054042816162
 8.61868190765381 8.87223815917969 14.6444253921509
 7.0824818611145 8.79864978790283 14.5853872299194
 8.65417671203613 9.18723773956299 13.3671178817749
 7.07035350799561 9.19537734985352 13.4053106307983
 9.60014629364014 9.30787658691406 13.2022047042847
 6.13607883453369 9.34690761566162 13.0739898681641
 9.7961540222168 9.25988292694092 12.5448226928711
 5.95742845535278 9.29399299621582 12.4914598464966
 8.37599945068359 9.08455276489258 10.4428567886353
 7.44615459442139 9.08857440948486 10.4741077423096
 9.98036479949951 9.27395820617676 10.7509927749634
 5.72098827362061 9.3250904083252 10.5826721191406
 13.2732782363892 7.49851131439209 10.896897315979
 2.51704239845276 7.68737554550171 10.5467739105225
 9.30652523040771 10.1919164657593 9.35102558135986
 6.62836790084839 10.3020658493042 9.14601516723633
 11.5739984512329 9.50417613983154 8.79029941558838
 4.41128492355347 9.61776828765869 8.58647632598877
 8.68472290039062 9.7908353805542 7.91413402557373
 7.28132677078247 9.82666492462158 7.91210746765137
 9.96479511260986 9.84232425689697 5.44367551803589
 5.92797565460205 9.87317371368408 5.02890157699585
 8.51723861694336 10.3325185775757 4.69555711746216
 7.56213665008545 10.3459901809692 4.67604494094849
 8.91447734832764 5.52798891067505 22.5953636169434
 6.25574970245361 5.66678905487061 22.6281566619873
 10.2314414978027 3.91748952865601 16.6565761566162
 14.09739112854 7.71635293960571 11.388129234314
 14.0009117126465 8.03991985321045 10.6401844024658
 12.802661895752 8.27147102355957 6.55357599258423
 12.5649175643921 7.35752058029175 5.09597206115723
 8.53010654449463 6.3265814781189 23.3602600097656
 6.67870569229126 6.40036725997925 23.3722496032715
 5.31828689575195 3.79922342300415 16.4332542419434
 1.67674541473389 7.78188467025757 11.1061000823975
 1.8296525478363 8.15271854400635 10.3031358718872
 3.22517061233521 8.4021167755127 6.2514214515686
 3.45343780517578 7.53045797348022 4.8656759262085
 8.09670734405518 10.228271484375 4.28283929824829
 8.09670734405518 9.20794200897217 7.69872426986694
 7.87641334533691 8.05452632904053 11.4251441955566
 7.87641334533691 6.81238698959351 13.5101642608643
 7.87641334533691 3.44086408615112 16.1718921661377

 8.19528579711914 3.65306711196899 4.11599683761597
 8.03460597991943 2.71577739715576 8.42337512969971
 7.64746141433716 2.52045583724976 15.9295263290405
 7.32360792160034 2.52710485458374 15.9655723571777
 8.10423946380615 2.51090121269226 15.9514598846436
 5.35503673553467 3.2768759727478 17.5542984008789
 9.84805202484131 3.10815691947937 17.5083904266357
 5.13242530822754 3.29366183280945 16.5622730255127
 10.1773586273193 3.23125290870667 16.5931053161621
 2.51999497413635 6.28977012634277 15.1966695785522
 13.1656093597412 6.55895376205444 14.7947015762329
 4.88140773773193 3.18175363540649 10.6217031478882
 10.8579425811768 3.10479736328125 10.8677949905396
 7.9251184463501 7.65727424621582 21.5252914428711
 7.13970708847046 7.65409374237061 21.5053482055664
 8.80265140533447 7.83378839492798 20.0156421661377
 6.45752477645874 7.94408321380615 19.4268989562988
 10.7929887771606 5.47957038879395 18.9793529510498
 4.28423929214478 5.39061498641968 18.7187786102295
 11.2734317779541 6.80219316482544 17.1789035797119
 3.90405249595642 6.78877067565918 16.9374294281006
 9.56131076812744 8.16497325897217 17.0771770477295
 5.78103399276733 8.16832160949707 17.029712677002
 8.24624919891357 8.09903526306152 15.8065347671509
 7.18885374069214 8.13711929321289 15.7680749893188
 8.60094356536865 8.66073417663574 14.6565322875977
 6.95587825775146 8.62021255493164 14.6184139251709
 8.45894718170166 9.08985900878906 13.4137506484985
 7.08815670013428 9.09138679504395 13.4215927124023
 9.55305957794189 9.16006851196289 13.2215547561646
 6.06533622741699 9.23483180999756 13.0531177520752
 9.7272891998291 9.23261642456055 12.3008708953857
 5.91019010543823 9.28021717071533 12.149543762207
 8.19216728210449 9.25409507751465 9.86419010162354
 7.66224670410156 9.21590709686279 9.81199645996094
 9.80444145202637 9.44161891937256 10.1893377304077
 5.84016942977905 9.47139835357666 10.0991888046265
 13.3494024276733 7.47595930099487 10.0824508666992
 2.36407661437988 7.61810207366943 9.82596302032471
 9.26888751983643 10.1976127624512 8.64952945709229
 6.65609931945801 10.2765960693359 8.57281684875488
 11.9332971572876 9.28229999542236 7.8079662322998
 3.98963260650635 9.41776371002197 7.63606548309326
 8.76949024200439 10.02601146698 7.16747713088989
 7.13050603866577 10.0658187866211 7.1312837600708
 9.80757331848145 10.2475595474243 4.64299249649048
 6.07729816436768 10.3074865341187 4.38522577285767
 8.63900470733643 10.9000473022461 3.28794693946838
 7.31800651550293 11.0060243606567 3.1404550075531
 8.8380184173584 5.01146936416626 23.3887138366699
 6.06747102737427 5.01683473587036 23.2473011016846
 10.211498260498 3.62649416923523 16.2257766723633
 14.1601591110229 7.70914030075073 11.1573209762573
 14.1586990356445 8.08848094940186 10.1019353866577
 12.9669942855835 8.51599025726318 5.43673229217529
 12.7125644683838 7.83148813247681 3.92275166511536
 8.48609256744385 6.06134366989136 24.3249759674072
 6.33247375488281 6.25314044952393 24.0468101501465
 5.21515655517578 3.6312563419342 15.9891300201416
 1.48567533493042 7.91902685165405 10.8144598007202
 1.50879395008087 8.30247402191162 10.0221538543701
 2.91027045249939 8.59731197357178 5.31828832626343
 3.34150218963623 7.93279886245728 3.5663046836853
 8.03460597991943 10.5386581420898 3.70644307136536
 8.03460597991943 9.35476493835449 7.17919445037842
 8.03460597991943 8.21033573150635 11.0071144104004
 7.75020122528076 6.71073818206787 13.0197315216064
 7.75020122528076 2.88281869888306 15.4269800186157
